1000025 5 1 1 1 2 1 3 1 1 benign
1002945 5 4 4 5 7 10 3 2 1 benign
1015425 3 1 1 1 2 2 3 1 1 benign
1016277 6 8 8 1 3 4 3 7 1 benign
1017023 4 1 1 3 2 1 3 1 1 benign
1018099 1 1 1 1 2 10 3 1 1 benign
1018561 2 1 2 1 2 1 3 1 1 benign
1033078 2 1 1 1 2 1 1 1 5 benign
1033078 4 2 1 1 2 1 2 1 1 benign
1035283 1 1 1 1 1 1 3 1 1 benign
1036172 2 1 1 1 2 1 2 1 1 benign
1043999 1 1 1 1 2 3 3 1 1 benign
1048672 4 1 1 1 2 1 2 1 1 benign
1049815 4 1 1 1 2 1 3 1 1 benign
1050718 6 1 1 1 2 1 3 1 1 benign
1056784 3 1 1 1 2 1 2 1 1 benign
1059552 1 1 1 1 2 1 3 1 1 benign
1066373 3 2 1 1 1 1 2 1 1 benign
1066979 5 1 1 1 2 1 2 1 1 benign
1067444 2 1 1 1 2 1 2 1 1 benign
1070935 1 1 3 1 2 1 1 1 1 benign
1070935 3 1 1 1 1 1 2 1 1 benign
1071760 2 1 1 1 2 1 3 1 1 benign
1074610 2 1 1 2 2 1 3 1 1 benign
1075123 3 1 2 1 2 1 2 1 1 benign
1079304 2 1 1 1 2 1 2 1 1 benign
1080185 10 10 10 8 6 1 8 9 1 malignant
1081791 6 2 1 1 1 1 7 1 1 benign
1084584 5 4 4 9 2 10 5 6 1 malignant
1091262 2 5 3 3 6 7 7 5 1 malignant
1099510 10 4 3 1 3 3 6 5 2 malignant
1100524 6 10 10 2 8 10 7 3 3 malignant
1102573 5 6 5 6 10 1 3 1 1 malignant
1103608 10 10 10 4 8 1 8 10 1 malignant
1103722 1 1 1 1 2 1 2 1 2 benign
1105257 3 7 7 4 4 9 4 8 1 malignant
1105524 1 1 1 1 2 1 2 1 1 benign
1106095 4 1 1 3 2 1 3 1 1 benign
1131294 1 1 2 1 2 2 4 2 1 benign
1132347 1 1 4 1 2 1 2 1 1 benign
1133041 5 3 1 2 2 1 2 1 1 benign
1133136 3 1 1 1 2 3 3 1 1 benign
1136142 2 1 1 1 3 1 2 1 1 benign
1137156 2 2 2 1 1 1 7 1 1 benign
1143978 4 1 1 2 2 1 2 1 1 benign
1143978 5 2 1 1 2 1 3 1 1 benign
1147044 3 1 1 1 2 2 7 1 1 benign
1152331 4 1 1 1 2 1 3 1 1 benign
1155546 2 1 1 2 3 1 2 1 1 benign
1156272 1 1 1 1 2 1 3 1 1 benign
1156948 3 1 1 2 2 1 1 1 1 benign
1157734 4 1 1 1 2 1 3 1 1 benign
1158247 1 1 1 1 2 1 2 1 1 benign
1160476 2 1 1 1 2 1 3 1 1 benign
1164066 1 1 1 1 2 1 3 1 1 benign
1165297 2 1 1 2 2 1 1 1 1 benign
1165790 5 1 1 1 2 1 3 1 1 benign
1173235 3 3 2 1 2 3 3 1 1 benign
1173347 1 1 1 1 2 5 1 1 1 benign
